341.000000
155746700033173613258571214187539933781039562421597753016219001109214134272.000000
250212765421016825534296816091136.000000
-136037285196833876341700163534848.000000
178387863.999500
-244608808749.000305
2167316024419504285266203855814656.000000
3984787979828439616479058460672.000000
1045859.000000
-605062421459924677133851384872960.000000
-26008177531692377455399670553069744897110784876151950524254436514263465984.000000
6707324424771056907131121374855168.000000
-nan(ind)
-1096100578.000003
1487306121289324414752792621613056.000000
-nan(ind)
-150123472398.999115
-1892463.000000
3735428.000000
852748482080968975735057511612416.000000
1456.000000
768.000000
-nan(ind)
-6032146824527968859570957189120.000000
-nan(ind)
898724264615.999634
-89977313245207695979401279335861842332960556255428739657224903756930351104.000000
560307489896.997925
286562978579793191213390143707662939313841731591079556147825488420784832512.000000
544235405.999991
-nan(ind)
111692258009050091837547539898457530321909194624934376892146245905758027776.000000
-1035299948.000001
49131114697.000061
1016855147759.000244
742124711943706657013436375891968.000000
-195989.000000
-nan(ind)
3657757821.999951
-329469271954.000793
-5753926709.999996
671517529.000001
325.000000
-nan(ind)
-188970699240822564152815449538560.000000
-2850160.000000
-609732192.000000
2103.000000
-539850703227936733930279567097856.000000
118509388545985946557771499438080.000000
